251

1 0 1 2 3 소요산 보산

1 0 2 3 3 보산 지행
1 0 3 4 3 지행 덕계

1 0 4 5 3 덕계 녹양

1 0 5 6 3 녹양 의정부

1 0 6 7 3 의정부 망월사

1 0 7 8 3 망월사 도봉
1 0 8 9 20 도봉 창동
1 1 9 10 3 4 129 5 창동 월계 
1 0 10 11 3 월계 석계


1 1 11 12 3 6 248 5 석계 외대앞

1 0 12 13 3 외대앞
 청량리
1 0 13 14 3 청량리 신설동
1 0 14 15 3 신설동 동대문
1 1 15 16 3 4 138 5 동대문 종로3가
1 1 16 17 3 3 103 5 종로3가 시청
1 1 17 18 3 2 80 5 시청 서울역
1 0 18 19 3 서울역 용산
1 0 19 20 3 용산 노량진

1 0 20 21 0 노량진 신길
1 1 21 0 3 5 187 5 신길 신도림
1 1 22 23 3 2 48 5 신도림 가산디지털단지

1 0 23 24 3 
가산디지털단지 석수
1 0 24 25 5 석수 안양
1 0 25 26 3 안양 금정

1 1 26 27 3 4 159 5 금정 당정

1 0 27 28 3 당정 성균관대

1 0 28 29 3 성균관대 수원

1 0 29 30 3 수원 병점
1 0 30 31 3 병점 오산대


1 0 31 32 3 오산대 진위
1 0 32 33 3 진위 서정리
1 0 33 34 3 서정리 평택

1 0 34 35 3 평택 직산
1 0 35 36 3 직산 천안

1 0 36 37 3 천안 쌍용
1 0 37 38 3 쌍용 배방
1 0 38 39 3 배방 신창


1 0 39 40 0 신창 이화

2 0 40 41 3 이화 신촌

2 0 41 42 3 신촌 홍대입구

2 0 42 43 3 홍대입구 합정

2 1 43 44 5 6 226 5 합정 당산

2 0 44 45 3 당산 영등포구청

2 1 45 46 3 5 185 5 영등포구청 문래

2 0 46 47 3 문래 신돌림
2 0 47 48 3 신도림 대림
2 1 48 49 3 1 22 5 대림 구로디지털단지
2 0 49 50 3 구로디지털단지 신대방
2 0 50 51 3 신대방 신림

2 0 51 52 3 신림 봉천
2 0 52 53 3 봉천 서울대입구
2 0 53 54 3 서울대입구 낙성대
2 0 54 55 3 낙성대 사당
2 1 55 56 3 4 149 5 사당 방배
2 0 56 57 3 방배 서초

2 0 57 58 3 서초 교대

2 1 58 59 3 3 114 5 교대 강남

2 0 59 60 3 강남 역삼


2 0 60 61 3 역삼 선릉
2 0 61 62 3 선릉 삼성

2 0 62 63 3 삼성 종합운동장

2 0 63 64 3 종합운동장 잠실새내
2 0 64 65 3 잠실새내 잠실
2 0 65 66 3 잠실 잠실나루
2 0 66 67 3 잠실나루 강변
2 0 67 68 3 강변 구의
2 0 68 69 3 구의 건대입구
2 0 69 70 3 건대입구 성수
2 0 70 71 3 성수 뚝섬
2 0 71 72 3 뚝섬 한양대
2 0 72 73 3 한양대 왕십리
2 1 73 74 3 5 202 5 왕십리 상왕십리
2 0 74 75 3 상왕십리 신당
2 1 75 76 3 6 239 5 신당 동대문역사문화공원
2 0 76 77 3 동대문역사문화공원 을지로4가
2 0 77 78 3 을지로4가 을지로3가
2 1 78 79 3 3 105 5 을지로3가 시청
2 0 79 80 3 시청 충정로
2 1 80 81 3 1 17 5 충정로 아현
2 1 81 40 3 5 193 5 아현 이화

3 0 82 83 3 대화 주엽  
3 0 83 84 3 주엽 정발산
3 0 84 85 3 정발산 마두
3 0 85 86 3 마두 백석
3 0 86 87 3 백석 대곡
3 0 87 88 3 대곡 화정
3 0 88 89 3 화정 원당
3 0 89 90 3 원당 원흥
3 0 90 91 3 원흥 상송
3 0 91 92 3 상송 지축
3 0 92 93 3 지축 구파발
3 0 93 94 3 구파발 연신내
3 1 94 95 3 6 214 5 연신내 불광
3 1 95 96 3 6 216 5 불광 녹번
3 0 96 97 3 녹번 홍제
3 0 97 98 3 홍제 무악재
3 0 98 99 3 무악재 독립문
3 0 99 100 3 독립문 경복궁
3 0 100 101 3 경복궁 안국
3 0 101 102 3 안국 종로3가
3 0 102 103 3 종로3가 을지로3가
3 1 103 104 3 1 16 5 을지로3가 충무로
3 1 104 105 3 2 78 5 충무로 동대입구
3 0 105 106 3 동대입구 약수
3 1 106 107 3 6 237 5 약수 금호
3 0 107 108 3 금호 옥수
3 0 108 109 3 옥수 압구정
3 0 109 110 3 압구정 신사
3 0 110 111 3 신사 잠원
3 0 111 112 3 잠원 고속터미널
3 0 112 113 3 고속터미널 교대
3 0 113 114 3 교대 남부터미널
3 1 114 115 3 2 58 5 남부터미널 양재
3 0 115 116 3 양재 매봉
3 0 116 117 3 매봉 도곡
3 0 117 118 3 도곡 대치
3 0 118 119 3 대치 학여울
3 0 119 120 3 학여울 대청
3 0 120 121 3 대청 일원
3 0 121 122 3 일원 수서
3 0 122 123 3 수서 가락시장 
3 0 123 124 3 가락시장 경찰병원
3 1 124 125 0 5 212 5 경찰병원 오금

4 0 125 126 3 당고개 상계
4 0 126 127 3 상계 노원
4 0 127 128 3 노원 창동
4 0 128 129 3 창동 쌍문
4 1 129 130 3 1 9 5 쌍문 수유
4 0 130 131 3 수유 미아
4 0 131 132 3 미아 미아사거리
4 0 132 133 3  미아사거리 길음
4 0 133 134 3 길음 성신여대입구
4 0 134 135 3 성신여대입구 한성대입구
4 0 135 136 3 한성대입구 혜화
4 0 136 137 3  혜화 동대문
4 0 137 138 3  동대문 동대문역사문화공원
4 1 138 139 3 1 15 5  동대문역사문화공원 충무로
4 0 139 140 3 충무로 명동
4 0 140 141 3 명동 회현
4 0 141 142 3 서울역 숙대입구
4 0 142 143 3  숙대입구 삼각지
4 1 143 144 3 6 232 5 삼각지 신용산
4 0 144 145 3  신용산 이촌
4 0 145 146 3  이촌 동작
4 0 146 147 3  동작 총신대입구
4 0 147 148 3  총신대입구 사당 
4 0 148 149 3 사당 남태령
4 1 149 150 3 2 55 5 남태령 선바위
4 0 150 151 3 선바위 경마공원
4 0 151 152 3 경마공원 대공원
4 0 152 153 3  대공원 과천
4 0 153 154 3 과천 정부과천청사
4 0 154 155 3 정부과천청사 인덕원
4 0 155 156 3 인덕원 평촌
4 0 156 157 3 평촌 범계
4 0 157 158 3 범계 금정
4 0 158 159 3 금정 산본
4 1 159 160 3 1 26 5 산본 수리산
4 0 160 161 3 수리산 대야미
4 0 161 162 3 대야미 반월
4 0 162 163 3  반월 상록수
4 0 163 164 3 상록수 한대앞
4 0 164 165 3 한대앞 중앙
4 0 165 166 3 중앙 고잔
4 0 166 167 3 고잔 초지
4 0 167 168 3 초지 안산
4 0 168 169 3 안산 신길온천
4 0 169 170 3 신길온천 정왕
4 0 170 171 0 정왕 오이도


5 0 171 172 3 방화 개화산
5 0 172 173 3  개화산 김포공항
5 0 173 174 3 김포공항 송정
5 0 174 175 3 송정 마곡
5 0 175 176 3 마곡 발산
5 0 176 177 3 발산 우장산
5 0 177 178 3 우장산 화곡
5 0 178 179 3 화곡 까치산
5 0 179 180 3 까치산 신정
5 0 180 181 3 신정 목동 
5 0 181 182 3 목동 오목교
5 0 182 183 3  오목교 양평
5 0 183 184 3 양평 영등포구청
5 0 184 185 3 영등포구청 영등포시장
5 1 185 186 3 2 45 5 영등포시장 신길
5 0 186 187 3 신길 여의도
5 1 187 188 3 1 21 5 여의도 여의나루
5 0 188 189 3 여의나루 마포
5 0 189 190 3 마포 공덕
5 1 190 191 3 6 230 5 공덕 애오게
5 0 191 192 3 애오개 충정로
5 0 192 193 3  충정로 서대문
5 1 193 194 3 2 81 5 서대문 광화문
5 0 194 195 3 광화문 종로3가
5 0 195 196 3 종로3가 을지로4가 
5 0 196 197 3 을지로4가 동대문역사문화공원
5 0 197 198 3 동대문역사문화공원 청구
5 1 198 199 3 6 238 5 청구 신금호
5 0 199 200 3 신금호 행당
5 0 200 201 3 행당 왕십리
5 0 201 202 3  왕십리 마장
5 1 202 203 3 2 73 5  마장 답십리
5 0 203 204 3 답십리 장한평
5 0 204 205 3 장한평 군자
5 0 205 206 3 군자 광나루
5 0 206 207 3 광나루 천호
5 0 207 208 3 천호 강동 
5 0 208 209 3 강동 둔춘동
5 0 209 210 3 둔춘동 방이
5 0 210 211 3 방이 오금
5 0 211 212 3 오금 개릉
5 1 212 213 3 3 124 3 개릉 거여
5 0 213 214 0 거여 마천

6 1 214 215 3 3 94 5 연신내 뚝바위 
6 0 215 216 3 뚝바위 불광
6 1 216 217 3 3 95 5 불광 역촌
6 0 217 218 3 역촌 구산
6 0 218 219 3 구산 응암
6 0 219 220 3 응암 새절
6 0 220 221 3 새절 증산
6 0 221 222 3 증산 디지털미디어시티
6 0 222 223 3 디지털미디어시티 월드컵경기장
6 0 223 224 3 월드컵경기장 마포구청
6 0 224 225 3 마포구청 망원
6 0 225 226 3 망원 합정
6 1 226 227 3 2 43 5 합정 상수
6 0 227 228 3 상수 광흥창
6 0 228 229 3 광흥창 대흥
6 0 229 230 3 대흥 공덕
6 1 230 231 3 5 190 5 공덕 효창공원
6 0 231 232 3 효창공원 삼각지
6 1 232 233 3 4 143 5 삼각지 녹사평
6 0 233 234 3 녹사평 이태원
6 0 234 235 3 이태원 한강진
6 0 235 236 3 한강진 버티고개
6 0 236 237 3 버티고개 약수
6 1 237 238 3 3 106 5 약수 청구
6 1 238 239 3 5 198 5 청구 신당
6 1 239 240 3 2 75 5 신당 동묘앞
6 0 240 241 3 동묘앞 창신
6 0 241 242 3 창신 보문
6 0 242 243 3 보문 안암
6 0 243 244 3 안암 고려대 
6 0 244 245 3 고려대 월곡
6 0 245 246 3 월곡 상월곡
6 0 246 247 3 상월곡 돌곶이
6 0 247 248 3 돌곶이 석계
6 1 248 249 3 1 11 5 석계 태릉입구
6 0 249 250 3 태릉입구 화랑대 
6 0 250 251 3 화랑대 봉화산
6 0 251 0 0 봉화산 종점